PLAYER_ID,SEASON_ID,LEAGUE_ID,TEAM_ID,TEAM_ABBREVIATION,PLAYER_AGE,GP,GS,MIN,FGM,FGA,FG_PCT,FG3M,FG3A,FG3_PCT,FTM,FTA,FT_PCT,OREB,DREB,REB,AST,STL,BLK,TOV,PF,PTS,JOGADOR
1630173,2020-21,00,1610612748,MIA,21.0,61,4,737.0,124,228,0.544,0,1,0.0,56,110,0.509,73,135,208,29,20,28,43,91,304,Precious Achiuwa
1630173,2021-22,00,1610612761,TOR,22.0,73,28,1725.0,265,603,0.439,56,156,0.359,78,131,0.595,146,327,473,82,37,41,84,151,664,Precious Achiuwa
1630173,2022-23,00,1610612761,TOR,23.0,55,12,1141.0,196,404,0.485,29,108,0.269,87,124,0.702,100,228,328,50,31,30,59,102,508,Precious Achiuwa
203500,2013-14,00,1610612760,OKC,20.0,81,20,1197.0,93,185,0.503,0,0,0.0,79,136,0.581,142,190,332,43,40,57,71,203,265,Steven Adams
203500,2014-15,00,1610612760,OKC,21.0,70,67,1771.0,217,399,0.544,0,2,0.0,103,205,0.502,199,324,523,66,38,86,99,222,537,Steven Adams
203500,2015-16,00,1610612760,OKC,22.0,80,80,2014.0,261,426,0.613,0,0,0.0,114,196,0.582,219,314,533,62,42,89,84,223,636,Steven Adams
203500,2016-17,00,1610612760,OKC,23.0,80,80,2389.0,374,655,0.571,0,1,0.0,157,257,0.611,281,332,613,86,89,78,146,195,905,Steven Adams
203500,2017-18,00,1610612760,OKC,24.0,76,76,2487.0,448,712,0.629,0,2,0.0,160,286,0.559,384,301,685,88,92,78,128,215,1056,Steven Adams
203500,2018-19,00,1610612760,OKC,25.0,80,80,2669.0,481,809,0.595,0,2,0.0,146,292,0.5,391,369,760,124,117,76,135,204,1108,Steven Adams
203500,2019-20,00,1610612760,OKC,26.0,63,63,1681.0,283,478,0.592,1,3,0.333,117,201,0.582,207,376,583,146,51,67,94,122,684,Steven Adams
203500,2020-21,00,1610612740,NOP,27.0,58,58,1605.0,189,308,0.614,0,3,0.0,60,135,0.444,213,301,514,111,54,38,78,113,438,Steven Adams
203500,2021-22,00,1610612763,MEM,28.0,76,75,1999.0,210,384,0.547,0,1,0.0,108,199,0.543,349,411,760,256,65,60,115,153,528,Steven Adams
203500,2022-23,00,1610612763,MEM,29.0,42,42,1133.0,157,263,0.597,0,1,0.0,47,129,0.364,214,271,485,97,36,46,79,98,361,Steven Adams
1628389,2017-18,00,1610612748,MIA,20.0,69,19,1368.0,174,340,0.512,0,7,0.0,129,179,0.721,118,263,381,101,32,41,66,138,477,Bam Adebayo
1628389,2018-19,00,1610612748,MIA,21.0,82,28,1913.0,280,486,0.576,3,15,0.2,166,226,0.735,165,432,597,184,71,65,121,203,729,Bam Adebayo
1628389,2019-20,00,1610612748,MIA,22.0,72,72,2417.0,440,790,0.557,2,14,0.143,264,382,0.691,176,559,735,368,82,93,204,182,1146,Bam Adebayo
1628389,2020-21,00,1610612748,MIA,23.0,64,64,2143.0,456,800,0.57,2,8,0.25,283,354,0.799,142,431,573,346,75,66,169,145,1197,Bam Adebayo
1628389,2021-22,00,1610612748,MIA,24.0,56,56,1825.0,406,729,0.557,0,6,0.0,256,340,0.753,137,427,564,190,80,44,148,171,1068,Bam Adebayo
1628389,2022-23,00,1610612748,MIA,25.0,75,75,2598.0,602,1114,0.54,1,12,0.083,324,402,0.806,184,504,688,240,88,61,187,208,1529,Bam Adebayo
1630534,2022-23,00,1610612762,UTA,23.0,59,22,1209.0,165,386,0.427,81,228,0.355,56,69,0.812,43,78,121,67,16,15,41,99,467,Ochai Agbaji
1630583,2021-22,00,1610612763,MEM,21.0,32,0,360.0,53,132,0.402,6,48,0.125,20,32,0.625,33,54,87,21,6,10,16,36,132,Santi Aldama
1630583,2022-23,00,1610612763,MEM,22.0,77,20,1682.0,247,525,0.47,94,266,0.353,108,144,0.75,85,286,371,97,45,48,60,143,696,Santi Aldama
1629638,2019-20,00,1610612740,NOP,21.0,47,1,591.0,98,266,0.368,46,133,0.346,25,37,0.676,9,75,84,89,17,8,54,57,267,Nickeil Alexander-Walker
1629638,2020-21,00,1610612740,NOP,22.0,46,13,1007.0,192,458,0.419,76,219,0.347,48,66,0.727,13,131,144,102,47,22,69,88,508,Nickeil Alexander-Walker
1629638,2021-22,00,1610612740,NOP,23.0,50,19,1317.0,237,632,0.375,95,305,0.311,70,97,0.722,36,128,164,139,41,19,85,88,639,Nickeil Alexander-Walker
1629638,2021-22,00,1610612762,UTA,23.0,15,2,149.0,16,48,0.333,10,33,0.303,11,12,0.917,1,22,23,17,5,4,8,15,53,Nickeil Alexander-Walker
1629638,2021-22,00,0,TOT,23.0,65,21,1466.0,253,680,0.372,105,338,0.311,81,109,0.743,37,150,187,156,46,23,93,103,692,Nickeil Alexander-Walker
1629638,2022-23,00,1610612762,UTA,24.0,36,3,528.0,83,170,0.488,35,87,0.402,27,39,0.692,8,51,59,76,24,14,45,58,228,Nickeil Alexander-Walker
1629638,2022-23,00,1610612750,MIN,24.0,23,0,356.0,48,125,0.384,26,72,0.361,13,21,0.619,7,35,42,32,8,7,10,30,135,Nickeil Alexander-Walker
1629638,2022-23,00,0,TOT,24.0,59,3,884.0,131,295,0.444,61,159,0.384,40,60,0.667,15,86,101,108,32,21,55,88,363,Nickeil Alexander-Walker
1628960,2018-19,00,1610612762,UTA,23.0,38,2,416.0,67,178,0.376,32,99,0.323,45,60,0.75,3,20,23,25,6,6,33,47,211,Grayson Allen
1628960,2019-20,00,1610612763,MEM,24.0,38,0,718.0,117,251,0.466,57,141,0.404,39,45,0.867,8,77,85,52,10,2,33,53,330,Grayson Allen
1628960,2020-21,00,1610612763,MEM,25.0,50,38,1260.0,173,414,0.418,107,274,0.391,79,91,0.868,19,141,160,108,46,8,48,71,532,Grayson Allen
1628960,2021-22,00,1610612749,MIL,26.0,66,61,1805.0,255,569,0.448,159,389,0.409,64,74,0.865,32,190,222,100,46,18,43,96,733,Grayson Allen
1628960,2022-23,00,1610612749,MIL,27.0,72,70,1972.0,245,557,0.44,146,366,0.399,114,126,0.905,61,176,237,163,62,14,72,117,750,Grayson Allen
1628386,2017-18,00,1610612751,BKN,20.0,72,31,1441.0,234,397,0.589,5,15,0.333,114,147,0.776,144,244,388,49,28,88,82,147,587,Jarrett Allen
1628386,2018-19,00,1610612751,BKN,21.0,80,80,2096.0,335,568,0.59,6,45,0.133,197,278,0.709,191,481,672,110,43,120,103,184,873,Jarrett Allen
1628386,2019-20,00,1610612751,BKN,22.0,70,64,1852.0,302,465,0.649,0,6,0.0,171,270,0.633,216,455,671,110,40,92,77,162,775,Jarrett Allen
1628386,2020-21,00,1610612751,BKN,23.0,12,5,320.0,44,65,0.677,0,0,0.0,46,61,0.754,38,87,125,20,7,19,22,21,134,Jarrett Allen
1628386,2020-21,00,1610612739,CLE,23.0,51,40,1544.0,254,417,0.609,6,19,0.316,158,229,0.69,158,348,506,86,25,71,78,75,672,Jarrett Allen
1628386,2020-21,00,0,TOT,23.0,63,45,1864.0,298,482,0.618,6,19,0.316,204,290,0.703,196,435,631,106,32,90,100,96,806,Jarrett Allen
1628386,2021-22,00,1610612739,CLE,24.0,56,56,1810.0,369,545,0.677,1,10,0.1,165,233,0.708,192,410,602,92,44,75,94,97,904,Jarrett Allen
1628386,2022-23,00,1610612739,CLE,25.0,68,68,2220.0,403,626,0.644,1,10,0.1,162,221,0.733,221,445,666,113,54,84,93,153,969,Jarrett Allen
1630631,2021-22,00,1610612740,NOP,24.0,54,1,834.0,131,294,0.446,32,110,0.291,36,53,0.679,25,75,100,152,71,7,40,73,330,Jose Alvarado
1630631,2022-23,00,1610612740,NOP,25.0,61,10,1310.0,201,489,0.411,83,247,0.336,65,80,0.813,28,113,141,186,67,10,81,125,550,Jose Alvarado
203937,2014-15,00,1610612759,SAS,21.0,33,8,358.0,31,89,0.348,3,11,0.273,9,14,0.643,5,67,72,28,15,7,10,28,74,Kyle Anderson
203937,2015-16,00,1610612759,SAS,22.0,78,11,1245.0,138,295,0.468,12,37,0.324,62,83,0.747,25,219,244,123,60,29,59,97,350,Kyle Anderson
203937,2016-17,00,1610612759,SAS,23.0,72,14,1020.0,93,209,0.445,15,40,0.375,45,57,0.789,33,175,208,91,51,26,39,63,246,Kyle Anderson
203937,2017-18,00,1610612759,SAS,24.0,74,67,1978.0,231,438,0.527,19,57,0.333,104,146,0.712,84,312,396,202,115,60,94,114,585,Kyle Anderson
203937,2018-19,00,1610612763,MEM,25.0,43,40,1282.0,150,276,0.543,9,34,0.265,37,64,0.578,48,203,251,128,54,37,58,112,346,Kyle Anderson
203937,2019-20,00,1610612763,MEM,26.0,67,28,1330.0,157,331,0.474,24,85,0.282,52,78,0.667,58,227,285,162,54,37,66,111,390,Kyle Anderson
203937,2020-21,00,1610612763,MEM,27.0,69,69,1887.0,308,658,0.468,94,261,0.36,144,184,0.783,52,344,396,250,84,57,86,120,854,Kyle Anderson
203937,2021-22,00,1610612763,MEM,28.0,69,11,1484.0,209,469,0.446,36,109,0.33,67,105,0.638,69,299,368,183,77,45,71,108,521,Kyle Anderson
203937,2022-23,00,1610612750,MIN,29.0,69,46,1957.0,252,495,0.509,43,105,0.41,100,136,0.735,66,302,368,335,78,63,103,146,647,Kyle Anderson
203507,2013-14,00,1610612749,MIL,19.0,77,23,1897.0,173,418,0.414,41,118,0.347,138,202,0.683,78,261,339,150,60,61,122,173,525,Giannis Antetokounmpo
203507,2014-15,00,1610612749,MIL,20.0,81,71,2541.0,383,780,0.491,7,44,0.159,257,347,0.741,100,442,542,207,73,85,173,254,1030,Giannis Antetokounmpo
203507,2015-16,00,1610612749,MIL,21.0,80,79,2823.0,513,1013,0.506,28,109,0.257,296,409,0.724,113,499,612,345,94,113,208,258,1350,Giannis Antetokounmpo
203507,2016-17,00,1610612749,MIL,22.0,80,80,2845.0,656,1259,0.521,49,180,0.272,471,612,0.77,142,558,700,434,131,151,234,246,1832,Giannis Antetokounmpo
203507,2017-18,00,1610612749,MIL,23.0,75,75,2756.0,742,1402,0.529,43,140,0.307,487,641,0.76,156,597,753,361,109,106,223,231,2014,Giannis Antetokounmpo
203507,2018-19,00,1610612749,MIL,24.0,72,72,2358.0,721,1247,0.578,52,203,0.256,500,686,0.729,159,739,898,424,92,110,268,232,1994,Giannis Antetokounmpo
203507,2019-20,00,1610612749,MIL,25.0,63,63,1917.0,685,1238,0.553,89,293,0.304,398,629,0.633,140,716,856,354,61,66,230,195,1857,Giannis Antetokounmpo
203507,2020-21,00,1610612749,MIL,26.0,61,61,2013.0,626,1100,0.569,67,221,0.303,398,581,0.685,97,574,671,357,72,73,207,168,1717,Giannis Antetokounmpo
203507,2021-22,00,1610612749,MIL,27.0,67,67,2204.0,689,1245,0.553,71,242,0.293,553,766,0.722,134,644,778,388,72,91,219,212,2002,Giannis Antetokounmpo
203507,2022-23,00,1610612749,MIL,28.0,63,63,2024.0,707,1278,0.553,47,171,0.275,498,772,0.645,137,605,742,359,52,51,246,197,1959,Giannis Antetokounmpo
203648,2015-16,00,1610612752,NYK,23.0,2,0,6.0,3,4,0.75,0,1,0.0,0,0,0.0,0,1,1,0,0,0,0,2,6,Thanasis Antetokounmpo
203648,2019-20,00,1610612749,MIL,27.0,20,2,129.0,24,48,0.5,0,10,0.0,7,17,0.412,12,12,24,15,7,2,12,18,55,Thanasis Antetokounmpo
203648,2020-21,00,1610612749,MIL,28.0,57,3,551.0,67,137,0.489,7,29,0.241,25,49,0.51,54,70,124,46,22,10,43,74,166,Thanasis Antetokounmpo
203648,2021-22,00,1610612749,MIL,29.0,48,6,473.0,70,128,0.547,2,14,0.143,29,46,0.63,40,61,101,22,16,12,26,68,171,Thanasis Antetokounmpo
203648,2022-23,00,1610612749,MIL,30.0,37,0,206.0,20,46,0.435,0,8,0.0,11,22,0.5,15,29,44,15,3,3,12,22,51,Thanasis Antetokounmpo
1630175,2020-21,00,1610612753,ORL,21.0,47,34,1273.0,219,552,0.397,58,172,0.337,109,131,0.832,38,183,221,192,30,18,106,98,605,Cole Anthony
1630175,2021-22,00,1610612753,ORL,22.0,65,65,2059.0,357,912,0.391,132,391,0.338,216,253,0.854,32,316,348,369,46,17,170,171,1062,Cole Anthony
1630175,2022-23,00,1610612753,ORL,22.0,60,4,1552.0,277,610,0.454,75,206,0.364,152,170,0.894,47,241,288,235,37,31,91,158,781,Cole Anthony
1628384,2017-18,00,1610612761,TOR,20.0,74,62,1481.0,163,346,0.471,73,197,0.371,39,62,0.629,44,140,184,55,52,14,45,130,438,O.G. Anunoby
1628384,2018-19,00,1610612761,TOR,21.0,67,6,1352.0,183,404,0.453,67,202,0.332,36,62,0.581,58,139,197,47,46,22,55,140,469,O.G. Anunoby
1628384,2019-20,00,1610612761,TOR,22.0,69,68,2066.0,286,566,0.505,89,228,0.39,72,102,0.706,80,284,364,108,96,45,79,167,733,O.G. Anunoby
1628384,2020-21,00,1610612761,TOR,23.0,43,43,1433.0,249,519,0.48,104,261,0.398,80,102,0.784,54,183,237,94,66,32,75,114,682,O.G. Anunoby
1628384,2021-22,00,1610612761,TOR,24.0,48,48,1728.0,309,697,0.443,115,317,0.363,89,118,0.754,74,190,264,125,71,25,80,131,822,O.G. Anunoby
1628384,2022-23,00,1610612761,TOR,25.0,67,67,2386.0,421,885,0.476,142,367,0.387,140,167,0.838,95,237,332,131,128,50,132,200,1124,O.G. Anunoby
1627853,2017-18,00,1610612741,CHI,24.0,24,0,304.0,17,41,0.415,9,31,0.29,5,6,0.833,1,24,25,35,13,0,13,18,48,Ryan Arcidiacono
1627853,2018-19,00,1610612741,CHI,25.0,81,32,1961.0,187,418,0.447,81,217,0.373,89,102,0.873,27,192,219,269,65,4,63,171,544,Ryan Arcidiacono
1627853,2019-20,00,1610612741,CHI,26.0,58,4,930.0,90,220,0.409,54,138,0.391,27,38,0.711,20,90,110,96,27,3,37,96,261,Ryan Arcidiacono
1627853,2020-21,00,1610612741,CHI,27.0,44,0,450.0,49,117,0.419,25,67,0.373,13,20,0.65,5,62,67,56,9,0,10,47,136,Ryan Arcidiacono
1627853,2021-22,00,1610612752,NYK,28.0,10,0,76.0,6,12,0.5,4,9,0.444,0,0,0.0,0,8,8,4,1,0,3,5,16,Ryan Arcidiacono
1627853,2022-23,00,1610612752,NYK,29.0,11,0,26.0,1,5,0.2,1,3,0.333,0,0,0.0,0,4,4,2,2,0,1,3,3,Ryan Arcidiacono
1627853,2022-23,00,1610612757,POR,29.0,9,4,146.0,8,32,0.25,7,20,0.35,0,0,0.0,0,11,11,21,3,0,6,14,23,Ryan Arcidiacono
1627853,2022-23,00,0,TOT,29.0,20,4,172.0,9,37,0.243,8,23,0.348,0,0,0.0,0,15,15,23,5,0,7,17,26,Ryan Arcidiacono
1630166,2020-21,00,1610612764,WAS,20.0,54,32,1257.0,130,312,0.417,53,168,0.315,29,45,0.644,22,240,262,63,32,15,33,140,342,Deni Avdija
1630166,2021-22,00,1610612764,WAS,21.0,82,8,1984.0,250,579,0.432,82,259,0.317,103,136,0.757,52,373,425,167,59,44,87,190,685,Deni Avdija
1630166,2022-23,00,1610612764,WAS,22.0,76,40,2020.0,253,579,0.437,69,232,0.297,122,165,0.739,74,413,487,211,65,29,123,209,697,Deni Avdija
1629028,2018-19,00,1610612756,PHX,20.0,71,70,2183.0,509,870,0.585,0,4,0.0,141,189,0.746,223,506,729,125,61,67,126,209,1159,Deandre Ayton
1629028,2019-20,00,1610612756,PHX,21.0,38,32,1236.0,310,568,0.546,3,13,0.231,67,89,0.753,147,289,436,72,26,58,80,117,690,Deandre Ayton
1629028,2020-21,00,1610612756,PHX,22.0,69,69,2115.0,430,687,0.626,4,20,0.2,133,173,0.769,228,499,727,99,41,81,103,196,997,Deandre Ayton
1629028,2021-22,00,1610612756,PHX,23.0,58,58,1713.0,442,697,0.634,7,19,0.368,106,142,0.746,149,444,593,84,40,40,91,142,997,Deandre Ayton
1629028,2022-23,00,1610612756,PHX,24.0,67,67,2035.0,522,887,0.589,7,24,0.292,152,200,0.76,172,495,667,115,37,53,120,190,1203,Deandre Ayton
1628962,2020-21,00,1610612762,UTA,21.0,15,0,57.0,4,9,0.444,0,0,0.0,8,10,0.8,4,9,13,0,1,4,3,9,16,Udoka Azubuike
1628962,2021-22,00,1610612762,UTA,22.0,17,6,195.0,37,49,0.755,0,0,0.0,6,11,0.545,18,53,71,0,1,11,12,25,80,Udoka Azubuike
1628962,2022-23,00,1610612762,UTA,23.0,36,4,359.0,59,72,0.819,0,0,0.0,7,20,0.35,31,88,119,11,6,15,18,34,125,Udoka Azubuike
1628963,2018-19,00,1610612758,SAC,20.0,62,4,1568.0,356,706,0.504,30,96,0.313,181,262,0.691,162,309,471,62,33,59,98,120,923,Marvin Bagley III
1628963,2019-20,00,1610612758,SAC,21.0,13,6,334.0,78,167,0.467,4,22,0.182,25,31,0.806,29,68,97,10,6,12,18,43,185,Marvin Bagley III
1628963,2020-21,00,1610612758,SAC,22.0,43,42,1112.0,247,490,0.504,37,108,0.343,77,134,0.575,106,212,318,43,21,21,59,100,608,Marvin Bagley III
1628963,2021-22,00,1610612758,SAC,23.0,30,17,656.0,114,246,0.463,15,62,0.242,35,47,0.745,67,148,215,17,9,11,21,50,278,Marvin Bagley III
1628963,2021-22,00,1610612765,DET,23.0,18,8,490.0,111,200,0.555,8,35,0.229,32,54,0.593,38,85,123,19,13,7,18,43,262,Marvin Bagley III
1628963,2021-22,00,0,TOT,23.0,48,25,1146.0,225,446,0.504,23,97,0.237,67,101,0.663,105,233,338,36,22,18,39,93,540,Marvin Bagley III
1628963,2022-23,00,1610612765,DET,24.0,42,25,990.0,202,382,0.529,19,66,0.288,81,108,0.75,94,175,269,36,19,30,46,81,504,Marvin Bagley III
1631116,2022-23,00,1610612744,GSW,20.0,31,0,226.0,43,109,0.394,32,84,0.381,4,6,0.667,1,39,40,11,6,4,11,14,122,Patrick Baldwin Jr.
1630163,2020-21,00,1610612766,CHA,19.0,51,31,1469.0,293,672,0.436,92,261,0.352,125,165,0.758,63,239,302,313,81,18,145,136,803,LaMelo Ball
1630163,2021-22,00,1610612766,CHA,20.0,75,75,2422.0,538,1254,0.429,220,565,0.389,212,243,0.872,108,393,501,571,119,30,245,237,1508,LaMelo Ball
1630163,2022-23,00,1610612766,CHA,21.0,36,36,1268.0,296,721,0.411,144,383,0.376,102,122,0.836,42,189,231,304,46,11,129,118,838,LaMelo Ball
1628366,2017-18,00,1610612747,LAL,20.0,52,50,1780.0,203,564,0.36,90,295,0.305,32,71,0.451,69,291,360,376,88,43,136,117,528,Lonzo Ball
1628366,2018-19,00,1610612747,LAL,21.0,47,45,1423.0,185,456,0.406,75,228,0.329,20,48,0.417,54,197,251,255,69,19,103,114,465,Lonzo Ball
1628366,2019-20,00,1610612740,NOP,22.0,63,54,2025.0,277,687,0.403,148,395,0.375,43,76,0.566,71,312,383,438,88,38,193,128,745,Lonzo Ball
1628366,2020-21,00,1610612740,NOP,23.0,55,55,1747.0,290,700,0.414,172,455,0.378,50,64,0.781,33,230,263,316,82,31,123,103,802,Lonzo Ball
1628366,2021-22,00,1610612741,CHI,24.0,35,35,1212.0,162,383,0.423,110,260,0.423,21,28,0.75,35,155,190,178,64,31,82,85,455,Lonzo Ball
1628964,2018-19,00,1610612753,ORL,21.0,47,1,766.0,117,243,0.481,21,70,0.3,37,63,0.587,64,169,233,39,13,64,43,102,292,Mo Bamba
1628964,2019-20,00,1610612753,ORL,22.0,62,0,878.0,132,286,0.462,37,107,0.346,31,46,0.674,100,202,302,42,23,86,42,116,332,Mo Bamba
1628964,2020-21,00,1610612753,ORL,23.0,46,5,725.0,142,301,0.472,38,118,0.322,45,66,0.682,76,189,265,35,14,58,36,87,367,Mo Bamba
1628964,2021-22,00,1610612753,ORL,24.0,71,69,1824.0,296,617,0.48,107,281,0.381,57,73,0.781,148,424,572,85,38,118,77,182,756,Mo Bamba
1628964,2022-23,00,1610612753,ORL,24.0,40,6,681.0,106,214,0.495,43,108,0.398,35,51,0.686,47,137,184,42,12,38,22,86,290,Mo Bamba
1628964,2022-23,00,1610612747,LAL,24.0,9,1,88.0,11,27,0.407,5,16,0.313,6,11,0.545,11,30,41,4,1,5,8,19,33,Mo Bamba
1628964,2022-23,00,0,TOT,24.0,49,7,768.0,117,241,0.485,48,124,0.387,41,62,0.661,58,167,225,46,13,43,30,105,323,Mo Bamba
1631094,2022-23,00,1610612753,ORL,20.0,72,72,2430.0,479,1122,0.427,85,285,0.298,394,534,0.738,84,413,497,269,60,39,200,160,1437,Paolo Banchero
1631230,2022-23,00,1610612759,SAS,19.0,28,0,408.0,46,86,0.535,0,4,0.0,18,25,0.72,46,56,102,24,10,19,15,56,110,Dominick Barlow
203084,2012-13,00,1610612744,GSW,21.0,81,81,2058.0,276,628,0.439,52,145,0.359,144,190,0.758,53,280,333,98,52,14,101,140,748,Harrison Barnes
203084,2013-14,00,1610612744,GSW,22.0,78,24,2204.0,271,679,0.399,66,190,0.347,130,181,0.718,66,245,311,116,65,20,84,158,738,Harrison Barnes
203084,2014-15,00,1610612744,GSW,23.0,82,82,2318.0,316,656,0.482,87,215,0.405,108,150,0.72,117,336,453,116,61,19,71,146,827,Harrison Barnes
203084,2015-16,00,1610612744,GSW,24.0,66,59,2042.0,295,633,0.466,82,214,0.383,102,134,0.761,77,248,325,117,41,10,57,136,774,Harrison Barnes
203084,2016-17,00,1610612742,DAL,25.0,79,79,2804.0,599,1280,0.468,78,222,0.351,242,281,0.861,93,301,394,116,65,15,102,128,1518,Harrison Barnes
203084,2017-18,00,1610612742,DAL,26.0,77,77,2634.0,537,1208,0.445,119,333,0.357,259,313,0.827,77,391,468,152,49,14,118,94,1452,Harrison Barnes
203084,2018-19,00,1610612742,DAL,27.0,49,49,1584.0,290,717,0.404,121,311,0.389,165,198,0.833,36,171,207,62,33,11,68,79,866,Harrison Barnes
203084,2018-19,00,1610612758,SAC,27.0,28,28,949.0,141,310,0.455,53,130,0.408,64,80,0.8,21,133,154,53,17,2,30,43,399,Harrison Barnes
203084,2018-19,00,0,TOT,27.0,77,77,2533.0,431,1027,0.42,174,441,0.395,229,278,0.824,57,304,361,115,50,13,98,122,1265,Harrison Barnes
203084,2019-20,00,1610612758,SAC,28.0,72,72,2482.0,365,793,0.46,102,268,0.381,214,267,0.801,77,278,355,159,43,12,88,93,1046,Harrison Barnes
203084,2020-21,00,1610612758,SAC,29.0,58,58,2102.0,319,642,0.497,100,256,0.391,195,235,0.83,64,321,385,201,43,11,93,75,933,Harrison Barnes
203084,2021-22,00,1610612758,SAC,30.0,77,77,2587.0,391,834,0.469,142,360,0.394,341,413,0.826,82,350,432,186,53,14,118,94,1265,Harrison Barnes
203084,2022-23,00,1610612758,SAC,30.0,82,82,2662.0,374,791,0.473,132,353,0.374,350,413,0.847,87,279,366,128,57,10,86,103,1230,Harrison Barnes
1630567,2021-22,00,1610612761,TOR,20.0,74,74,2617.0,459,932,0.492,58,193,0.301,158,215,0.735,195,362,557,256,80,55,136,192,1134,Scottie Barnes
1630567,2022-23,00,1610612761,TOR,21.0,77,76,2678.0,463,1016,0.456,63,224,0.281,190,246,0.772,179,333,512,371,83,61,154,170,1179,Scottie Barnes
1629628,2019-20,00,1610612752,NYK,20.0,56,55,1704.0,292,727,0.402,63,197,0.32,156,254,0.614,50,229,279,143,55,17,124,122,803,RJ Barrett
1629628,2020-21,00,1610612752,NYK,21.0,72,72,2511.0,467,1060,0.441,124,309,0.401,206,276,0.746,68,346,414,217,53,20,139,188,1264,RJ Barrett
1629628,2021-22,00,1610612752,NYK,22.0,70,70,2417.0,487,1194,0.408,138,404,0.342,290,406,0.714,66,342,408,208,43,16,151,142,1402,RJ Barrett
1629628,2022-23,00,1610612752,NYK,22.0,73,73,2476.0,510,1176,0.434,121,390,0.31,290,392,0.74,60,308,368,201,31,15,164,179,1431,RJ Barrett
203115,2012-13,00,1610612757,POR,22.0,73,5,894.0,118,309,0.382,9,65,0.138,50,65,0.769,36,109,145,58,34,9,60,56,295,Will Barton
203115,2013-14,00,1610612757,POR,23.0,41,0,387.0,65,156,0.417,10,33,0.303,26,32,0.813,16,58,74,33,9,7,18,31,166,Will Barton
203115,2014-15,00,1610612757,POR,24.0,30,0,300.0,38,100,0.38,4,18,0.222,10,15,0.667,3,31,34,27,14,4,17,20,90,Will Barton
203115,2014-15,00,1610612743,DEN,24.0,28,0,683.0,112,253,0.443,19,67,0.284,64,79,0.81,23,105,128,54,34,15,44,50,307,Will Barton
203115,2014-15,00,0,TOT,24.0,58,0,984.0,150,353,0.425,23,85,0.271,74,94,0.787,26,136,162,81,48,19,61,70,397,Will Barton
203115,2015-16,00,1610612743,DEN,25.0,82,1,2353.0,425,983,0.432,112,325,0.345,216,268,0.806,59,417,476,203,71,39,139,147,1178,Will Barton
203115,2016-17,00,1610612743,DEN,26.0,60,19,1705.0,295,666,0.443,87,235,0.37,143,190,0.753,58,201,259,206,48,28,97,110,820,Will Barton
203115,2017-18,00,1610612743,DEN,27.0,81,40,2683.0,465,1028,0.452,156,422,0.37,182,226,0.805,70,339,409,331,82,52,149,168,1268,Will Barton
203115,2018-19,00,1610612743,DEN,28.0,43,38,1189.0,185,460,0.402,67,196,0.342,57,74,0.77,32,167,199,124,18,22,65,82,494,Will Barton
203115,2019-20,00,1610612743,DEN,29.0,58,58,1916.0,332,738,0.45,108,288,0.375,102,133,0.767,76,289,365,212,61,29,88,121,874,Will Barton
203115,2020-21,00,1610612743,DEN,30.0,56,52,1736.0,259,608,0.426,98,257,0.381,95,121,0.785,39,187,226,181,50,23,96,95,711,Will Barton
203115,2021-22,00,1610612743,DEN,31.0,71,71,2276.0,392,896,0.438,157,430,0.365,102,127,0.803,44,296,340,276,55,31,127,114,1043,Will Barton
203115,2022-23,00,1610612764,WAS,32.0,40,0,782.0,110,285,0.386,52,138,0.377,35,45,0.778,10,101,111,95,17,10,45,39,307,Will Barton
203115,2022-23,00,1610612761,TOR,32.0,16,2,211.0,28,79,0.354,14,42,0.333,2,2,1.0,5,21,26,17,11,3,3,17,72,Will Barton
203115,2022-23,00,0,TOT,32.0,56,2,993.0,138,364,0.379,66,180,0.367,37,47,0.787,15,122,137,112,28,13,48,56,379,Will Barton
1629646,2021-22,00,1610612755,PHI,21.0,23,0,168.0,30,47,0.638,0,4,0.0,9,12,0.75,22,40,62,7,5,17,8,32,69,Charles Bassey
1629646,2022-23,00,1610612759,SAS,22.0,35,2,508.0,87,135,0.644,3,8,0.375,22,37,0.595,75,118,193,48,16,33,41,74,199,Charles Bassey
1628966,2018-19,00,1610612750,MIN,23.0,30,3,503.0,60,142,0.423,13,52,0.25,18,28,0.643,16,67,83,17,18,14,14,29,151,Keita Bates-Diop
1628966,2019-20,00,1610612750,MIN,24.0,37,0,646.0,87,206,0.422,31,94,0.33,46,65,0.708,21,89,110,30,17,20,14,36,251,Keita Bates-Diop
1628966,2019-20,00,1610612743,DEN,24.0,7,0,98.0,13,28,0.464,3,9,0.333,8,10,0.8,4,13,17,0,2,4,3,7,37,Keita Bates-Diop
1628966,2019-20,00,0,TOT,24.0,44,0,744.0,100,234,0.427,34,103,0.33,54,75,0.72,25,102,127,30,19,24,17,43,288,Keita Bates-Diop
1628966,2020-21,00,1610612759,SAS,25.0,30,0,245.0,30,67,0.448,5,17,0.294,14,21,0.667,9,40,49,12,11,5,7,11,79,Keita Bates-Diop
1628966,2021-22,00,1610612759,SAS,26.0,59,14,957.0,136,263,0.517,17,55,0.309,46,61,0.754,62,169,231,41,27,14,45,61,335,Keita Bates-Diop
1628966,2022-23,00,1610612759,SAS,27.0,67,42,1453.0,236,465,0.508,56,142,0.394,119,150,0.793,65,183,248,103,46,20,56,63,647,Keita Bates-Diop
201587,2008-09,00,1610612757,POR,20.0,79,76,1454.0,161,361,0.446,62,168,0.369,42,52,0.808,84,136,220,74,50,40,50,139,426,Nicolas Batum
201587,2009-10,00,1610612757,POR,21.0,37,25,918.0,139,268,0.519,54,132,0.409,43,51,0.843,32,109,141,44,24,25,27,83,375,Nicolas Batum
201587,2010-11,00,1610612757,POR,22.0,80,67,2522.0,367,807,0.455,118,342,0.345,138,164,0.841,109,252,361,123,68,49,83,194,990,Nicolas Batum
201587,2011-12,00,1610612757,POR,23.0,59,34,1791.0,289,641,0.451,107,274,0.391,133,159,0.836,81,190,271,84,57,60,90,105,818,Nicolas Batum
201587,2012-13,00,1610612757,POR,24.0,73,73,2807.0,352,833,0.423,165,444,0.372,178,210,0.848,97,315,412,360,91,83,190,139,1047,Nicolas Batum
201587,2013-14,00,1610612757,POR,25.0,82,82,2956.0,381,819,0.465,145,402,0.361,163,203,0.803,116,495,611,420,75,57,208,156,1070,Nicolas Batum
201587,2014-15,00,1610612757,POR,26.0,71,71,2380.0,240,600,0.4,100,309,0.324,84,98,0.857,62,354,416,341,78,40,132,106,664,Nicolas Batum
201587,2015-16,00,1610612766,CHA,27.0,70,70,2448.0,372,873,0.426,139,399,0.348,163,192,0.849,55,373,428,403,65,43,205,114,1046,Nicolas Batum
201587,2016-17,00,1610612766,CHA,28.0,77,77,2617.0,393,975,0.403,135,405,0.333,243,284,0.856,46,435,481,456,86,29,194,109,1164,Nicolas Batum
201587,2017-18,00,1610612766,CHA,29.0,64,64,1981.0,270,650,0.415,92,274,0.336,108,130,0.831,57,249,306,349,65,23,131,72,740,Nicolas Batum
201587,2018-19,00,1610612766,CHA,30.0,75,72,2354.0,253,562,0.45,116,298,0.389,77,89,0.865,71,319,390,247,71,43,117,140,699,Nicolas Batum
201587,2019-20,00,1610612766,CHA,31.0,22,3,505.0,28,81,0.346,14,49,0.286,9,10,0.9,25,75,100,66,17,8,22,41,79,Nicolas Batum
201587,2020-21,00,1610612746,LAC,32.0,67,38,1835.0,191,412,0.464,110,272,0.404,48,58,0.828,50,266,316,148,69,37,53,102,540,Nicolas Batum
201587,2021-22,00,1610612746,LAC,33.0,59,54,1463.0,179,387,0.463,108,270,0.4,25,38,0.658,29,225,254,100,58,42,40,80,491,Nicolas Batum
201587,2022-23,00,1610612746,LAC,34.0,78,19,1710.0,160,381,0.42,124,317,0.391,34,48,0.708,62,237,299,121,54,44,50,149,478,Nicolas Batum
1629647,2019-20,00,1610612760,OKC,20.0,61,9,1129.0,125,317,0.394,49,141,0.348,43,62,0.694,30,216,246,41,23,41,45,55,342,Darius Bazley
1629647,2020-21,00,1610612760,OKC,21.0,55,55,1714.0,273,690,0.396,83,286,0.29,125,178,0.702,51,345,396,99,29,25,122,60,754,Darius Bazley
1629647,2021-22,00,1610612760,OKC,22.0,69,53,1924.0,274,649,0.422,80,269,0.297,117,170,0.688,71,365,436,97,58,70,90,68,745,Darius Bazley
1629647,2022-23,00,1610612760,OKC,22.0,36,1,555.0,71,158,0.449,18,45,0.4,36,65,0.554,29,93,122,32,19,29,22,35,196,Darius Bazley
1629647,2022-23,00,1610612756,PHX,22.0,7,0,61.0,12,25,0.48,2,8,0.25,2,5,0.4,5,11,16,6,3,5,5,9,28,Darius Bazley
1629647,2022-23,00,0,TOT,22.0,43,1,616.0,83,183,0.454,20,53,0.377,38,70,0.543,34,104,138,38,22,34,27,44,224,Darius Bazley
203078,2012-13,00,1610612764,WAS,20.0,56,46,1745.0,282,687,0.41,91,236,0.386,125,159,0.786,43,168,211,137,50,29,90,113,780,Bradley Beal
203078,2013-14,00,1610612764,WAS,21.0,73,73,2530.0,481,1149,0.419,138,343,0.402,149,189,0.788,54,219,273,243,71,18,128,153,1249,Bradley Beal
203078,2014-15,00,1610612764,WAS,22.0,63,59,2107.0,363,851,0.427,106,259,0.409,130,166,0.783,57,184,241,194,76,18,123,136,962,Bradley Beal
203078,2015-16,00,1610612764,WAS,23.0,55,35,1708.0,359,799,0.449,105,271,0.387,135,176,0.767,41,147,188,162,54,11,112,117,958,Bradley Beal
203078,2016-17,00,1610612764,WAS,24.0,77,77,2684.0,637,1322,0.482,223,552,0.404,282,342,0.825,53,187,240,267,83,21,156,169,1779,Bradley Beal
203078,2017-18,00,1610612764,WAS,25.0,82,82,2977.0,683,1484,0.46,199,530,0.375,292,369,0.791,61,302,363,373,96,36,214,160,1857,Bradley Beal
203078,2018-19,00,1610612764,WAS,26.0,82,82,3028.0,764,1609,0.475,209,596,0.351,362,448,0.808,89,322,411,448,121,58,224,226,2099,Bradley Beal
203078,2019-20,00,1610612764,WAS,27.0,57,57,2053.0,593,1303,0.455,170,481,0.353,385,457,0.842,52,190,242,347,71,23,194,126,1741,Bradley Beal
203078,2020-21,00,1610612764,WAS,28.0,60,60,2147.0,670,1382,0.485,130,373,0.349,408,459,0.889,72,211,283,265,69,22,187,140,1878,Bradley Beal
203078,2021-22,00,1610612764,WAS,29.0,40,40,1439.0,348,771,0.451,63,210,0.3,169,203,0.833,38,151,189,265,36,15,135,95,928,Bradley Beal
203078,2022-23,00,1610612764,WAS,29.0,50,50,1673.0,444,878,0.506,80,219,0.365,192,228,0.842,41,155,196,271,45,33,145,107,1160,Bradley Beal
1627736,2016-17,00,1610612743,DEN,20.0,22,1,165.0,33,73,0.452,9,28,0.321,8,10,0.8,5,12,17,11,7,0,8,10,83,Malik Beasley
1627736,2017-18,00,1610612743,DEN,21.0,62,0,583.0,73,178,0.41,28,82,0.341,22,33,0.667,14,57,71,31,15,7,24,36,196,Malik Beasley
1627736,2018-19,00,1610612743,DEN,22.0,81,18,1879.0,349,737,0.474,163,405,0.402,56,66,0.848,35,165,200,97,55,10,55,116,917,Malik Beasley
1627736,2019-20,00,1610612743,DEN,23.0,41,0,746.0,117,301,0.389,58,161,0.36,33,38,0.868,9,68,77,48,31,6,36,50,325,Malik Beasley
1627736,2019-20,00,1610612750,MIN,23.0,14,14,463.0,110,233,0.472,49,115,0.426,21,28,0.75,9,62,71,27,9,2,21,27,290,Malik Beasley
1627736,2019-20,00,0,TOT,23.0,55,14,1209.0,227,534,0.425,107,276,0.388,54,66,0.818,18,130,148,75,40,8,57,77,615,Malik Beasley
1627736,2020-21,00,1610612750,MIN,24.0,37,36,1214.0,264,600,0.44,128,321,0.399,68,80,0.85,28,134,162,88,30,7,60,62,724,Malik Beasley
1627736,2021-22,00,1610612750,MIN,25.0,79,18,1976.0,332,850,0.391,240,637,0.377,49,60,0.817,26,201,227,116,43,12,43,88,953,Malik Beasley
1627736,2022-23,00,1610612762,UTA,26.0,55,13,1472.0,265,669,0.396,169,471,0.359,37,44,0.841,27,170,197,93,44,8,60,75,736,Malik Beasley
1627736,2022-23,00,1610612747,LAL,26.0,26,14,621.0,105,268,0.392,66,187,0.353,13,21,0.619,8,78,86,31,21,1,30,32,289,Malik Beasley
1627736,2022-23,00,0,TOT,26.0,81,27,2093.0,370,937,0.395,235,658,0.357,50,65,0.769,35,248,283,124,65,9,90,107,1025,Malik Beasley
1630699,2022-23,00,1610612749,MIL,22.0,52,11,701.0,96,243,0.395,47,142,0.331,27,37,0.73,38,77,115,35,21,7,45,71,266,MarJon Beauchamp
202722,2016-17,00,1610612759,SAS,24.0,67,6,808.0,103,234,0.44,69,173,0.399,28,34,0.824,22,76,98,46,20,28,32,75,303,Davis Bertans
202722,2017-18,00,1610612759,SAS,25.0,77,10,1086.0,161,366,0.44,94,252,0.373,40,49,0.816,18,135,153,74,26,28,36,93,456,Davis Bertans
202722,2018-19,00,1610612759,SAS,26.0,76,12,1632.0,204,453,0.45,145,338,0.429,53,60,0.883,23,241,264,100,35,33,43,133,606,Davis Bertans
202722,2019-20,00,1610612764,WAS,27.0,54,4,1583.0,265,610,0.434,200,472,0.424,104,122,0.852,35,210,245,92,37,33,59,139,834,Davis Bertans
202722,2020-21,00,1610612764,WAS,28.0,57,7,1464.0,193,478,0.404,169,428,0.395,100,115,0.87,18,150,168,49,33,13,33,136,655,Davis Bertans
202722,2021-22,00,1610612764,WAS,29.0,34,0,501.0,60,171,0.351,46,144,0.319,28,30,0.933,6,55,61,16,11,6,14,55,194,Davis Bertans
202722,2021-22,00,1610612742,DAL,29.0,22,0,306.0,39,104,0.375,31,86,0.36,8,10,0.8,6,50,56,15,6,6,5,30,117,Davis Bertans
202722,2021-22,00,0,TOT,29.0,56,0,806.0,99,275,0.36,77,230,0.335,36,40,0.9,12,105,117,31,17,12,19,85,311,Davis Bertans
202722,2022-23,00,1610612742,DAL,30.0,45,1,492.0,69,160,0.431,55,141,0.39,13,15,0.867,10,43,53,21,11,8,10,53,206,Davis Bertans
201976,2012-13,00,1610612745,HOU,24.0,41,0,713.0,79,189,0.418,36,96,0.375,34,41,0.829,45,64,109,117,37,21,44,83,228,Patrick Beverley
201976,2013-14,00,1610612745,HOU,25.0,56,55,1751.0,199,481,0.414,92,255,0.361,83,102,0.814,72,124,196,151,77,23,66,174,573,Patrick Beverley
201976,2014-15,00,1610612745,HOU,26.0,56,55,1727.0,204,532,0.383,115,323,0.356,45,60,0.75,67,170,237,192,59,23,83,182,568,Patrick Beverley
201976,2015-16,00,1610612745,HOU,27.0,71,63,2041.0,258,594,0.434,124,310,0.4,60,88,0.682,73,177,250,239,94,26,91,234,700,Patrick Beverley
201976,2016-17,00,1610612745,HOU,28.0,67,67,2058.0,228,543,0.42,110,288,0.382,73,95,0.768,95,298,393,281,99,25,100,222,639,Patrick Beverley
201976,2017-18,00,1610612746,LAC,29.0,11,11,334.0,48,119,0.403,24,60,0.4,14,17,0.824,16,29,45,32,19,5,25,34,134,Patrick Beverley
201976,2018-19,00,1610612746,LAC,30.0,78,49,2137.0,194,477,0.407,112,282,0.397,96,123,0.78,76,312,388,300,67,43,85,265,596,Patrick Beverley
201976,2019-20,00,1610612746,LAC,31.0,51,50,1342.0,147,341,0.431,80,206,0.388,31,47,0.66,57,209,266,183,54,25,66,156,405,Patrick Beverley
201976,2020-21,00,1610612746,LAC,32.0,37,34,833.0,93,220,0.423,56,141,0.397,36,45,0.8,29,90,119,76,29,28,34,108,278,Patrick Beverley
201976,2021-22,00,1610612750,MIN,33.0,58,54,1476.0,177,436,0.406,83,242,0.343,96,133,0.722,62,178,240,268,67,52,73,174,533,Patrick Beverley
201976,2022-23,00,1610612747,LAL,34.0,45,45,1211.0,97,241,0.402,55,158,0.348,39,50,0.78,24,116,140,118,40,25,42,124,288,Patrick Beverley
201976,2022-23,00,1610612741,CHI,34.0,22,22,605.0,47,119,0.395,25,81,0.309,8,15,0.533,20,87,107,76,23,16,18,63,127,Patrick Beverley
201976,2022-23,00,0,TOT,34.0,67,67,1817.0,144,360,0.4,80,239,0.335,47,65,0.723,44,203,247,194,63,41,60,187,415,Patrick Beverley
1630180,2020-21,00,1610612765,DET,22.0,70,53,1909.0,279,691,0.404,175,460,0.38,124,147,0.844,43,275,318,95,52,14,60,110,857,Saddiq Bey
1630180,2021-22,00,1610612765,DET,23.0,82,82,2704.0,450,1136,0.396,211,610,0.346,210,254,0.827,107,334,441,233,73,16,96,128,1321,Saddiq Bey
1630180,2022-23,00,1610612765,DET,24.0,52,30,1500.0,245,606,0.404,101,293,0.345,180,209,0.861,59,183,242,84,50,12,54,86,771,Saddiq Bey
1630180,2022-23,00,1610612737,ATL,24.0,25,7,629.0,108,230,0.47,50,125,0.4,25,29,0.862,39,81,120,34,20,1,17,37,291,Saddiq Bey
1630180,2022-23,00,0,TOT,24.0,77,37,2129.0,353,836,0.422,151,418,0.361,205,238,0.861,98,264,362,118,70,13,71,123,1062,Saddiq Bey
203920,2017-18,00,1610612753,ORL,25.0,42,0,578.0,68,126,0.54,0,0,0.0,42,61,0.689,70,110,180,34,15,21,21,56,178,Khem Birch
203920,2018-19,00,1610612753,ORL,26.0,50,1,643.0,91,151,0.603,0,1,0.0,58,83,0.699,79,111,190,38,18,29,20,72,240,Khem Birch
203920,2019-20,00,1610612753,ORL,27.0,48,24,922.0,73,143,0.51,0,1,0.0,66,101,0.653,91,129,220,50,20,23,31,91,212,Khem Birch
203920,2020-21,00,1610612753,ORL,28.0,48,5,952.0,94,209,0.45,4,21,0.19,63,85,0.741,117,126,243,53,32,28,23,67,255,Khem Birch
203920,2020-21,00,1610612761,TOR,28.0,19,17,577.0,95,171,0.556,9,31,0.29,28,44,0.636,57,87,144,36,16,22,21,46,227,Khem Birch
203920,2020-21,00,0,TOT,28.0,67,22,1529.0,189,380,0.497,13,52,0.25,91,129,0.705,174,213,387,89,48,50,44,113,482,Khem Birch
203920,2021-22,00,1610612761,TOR,29.0,55,28,991.0,97,200,0.485,0,14,0.0,53,71,0.746,122,117,239,56,30,26,29,104,247,Khem Birch
203920,2022-23,00,1610612761,TOR,30.0,20,0,162.0,19,32,0.594,1,2,0.5,4,5,0.8,8,17,25,7,5,5,8,24,43,Khem Birch
1629048,2019-20,00,1610612754,IND,20.0,54,2,471.0,70,150,0.467,8,42,0.19,24,33,0.727,25,81,106,23,10,37,28,65,172,Goga Bitadze
1629048,2020-21,00,1610612754,IND,21.0,45,3,561.0,83,194,0.428,20,79,0.253,45,61,0.738,60,90,150,37,9,60,17,94,231,Goga Bitadze
1629048,2021-22,00,1610612754,IND,22.0,50,16,729.0,131,252,0.52,23,80,0.288,64,94,0.681,79,98,177,55,21,42,46,107,349,Goga Bitadze
1629048,2022-23,00,1610612754,IND,23.0,21,0,202.0,27,52,0.519,4,14,0.286,11,24,0.458,25,24,49,18,9,10,12,34,69,Goga Bitadze
1629048,2022-23,00,1610612753,ORL,23.0,17,1,255.0,42,73,0.575,2,12,0.167,12,18,0.667,36,52,88,21,7,16,10,30,98,Goga Bitadze
1629048,2022-23,00,0,TOT,23.0,38,1,457.0,69,125,0.552,6,26,0.231,23,42,0.548,61,76,137,39,16,26,22,64,167,Goga Bitadze
202687,2011-12,00,1610612766,CHA,19.0,63,41,1455.0,129,278,0.464,0,0,0.0,69,143,0.483,113,255,368,27,20,115,71,145,327,Bismack Biyombo
202687,2012-13,00,1610612766,CHA,20.0,80,65,2186.0,156,346,0.451,0,0,0.0,74,142,0.521,194,388,582,35,28,143,82,195,386,Bismack Biyombo
202687,2013-14,00,1610612766,CHA,21.0,77,9,1072.0,88,144,0.611,0,0,0.0,46,89,0.517,105,261,366,8,7,86,40,124,222,Bismack Biyombo
202687,2014-15,00,1610612766,CHA,22.0,64,21,1243.0,101,186,0.543,0,0,0.0,102,175,0.583,159,248,407,16,18,99,52,140,304,Bismack Biyombo
202687,2015-16,00,1610612761,TOR,23.0,82,22,1808.0,156,288,0.542,0,1,0.0,142,226,0.628,182,473,655,29,19,133,71,225,454,Bismack Biyombo
202687,2016-17,00,1610612753,ORL,24.0,81,27,1793.0,179,339,0.528,0,0,0.0,125,234,0.534,157,410,567,74,25,91,95,202,483,Bismack Biyombo
202687,2017-18,00,1610612753,ORL,25.0,82,25,1495.0,183,352,0.52,0,1,0.0,102,157,0.65,144,324,468,66,21,95,84,158,468,Bismack Biyombo
202687,2018-19,00,1610612766,CHA,26.0,54,32,782.0,89,156,0.571,0,0,0.0,58,91,0.637,81,166,247,33,11,41,34,103,236,Bismack Biyombo
202687,2019-20,00,1610612766,CHA,27.0,53,29,1029.0,151,278,0.543,0,0,0.0,91,151,0.603,120,188,308,50,10,49,48,116,393,Bismack Biyombo
202687,2020-21,00,1610612766,CHA,28.0,66,36,1349.0,142,242,0.587,0,1,0.0,47,105,0.448,137,210,347,81,17,74,71,141,331,Bismack Biyombo
202687,2021-22,00,1610612756,PHX,29.0,36,3,506.0,86,145,0.593,0,0,0.0,38,71,0.535,63,104,167,23,12,26,25,70,210,Bismack Biyombo
202687,2022-23,00,1610612756,PHX,30.0,61,14,874.0,119,206,0.578,0,0,0.0,25,70,0.357,89,171,260,56,18,88,51,114,263,Bismack Biyombo
1631205,2022-23,00,1610612765,DET,23.0,10,0,90.0,5,27,0.185,4,25,0.16,2,2,1.0,2,4,6,4,2,0,0,6,16,Buddy Boeheim
203992,2017-18,00,1610612758,SAC,25.0,78,52,2175.0,344,772,0.446,129,329,0.392,100,119,0.84,31,192,223,258,72,16,125,172,917,Bogdan Bogdanovic
203992,2018-19,00,1610612758,SAC,26.0,70,17,1947.0,361,863,0.418,134,372,0.36,134,162,0.827,40,203,243,267,72,15,117,142,990,Bogdan Bogdanovic
203992,2019-20,00,1610612758,SAC,27.0,61,28,1766.0,337,766,0.44,164,441,0.372,86,116,0.741,26,181,207,207,64,15,102,133,924,Bogdan Bogdanovic
203992,2020-21,00,1610612737,ATL,28.0,44,27,1305.0,267,565,0.473,146,333,0.438,40,44,0.909,20,140,160,147,49,13,54,99,720,Bogdan Bogdanovic
203992,2021-22,00,1610612737,ATL,29.0,63,27,1849.0,342,794,0.431,169,459,0.368,97,115,0.843,29,221,250,194,68,14,70,132,950,Bogdan Bogdanovic
203992,2022-23,00,1610612737,ATL,30.0,54,9,1509.0,273,611,0.447,146,360,0.406,64,77,0.831,23,142,165,150,43,18,65,86,756,Bogdan Bogdanovic
202711,2014-15,00,1610612751,BKN,26.0,78,28,1854.0,261,576,0.453,91,256,0.355,87,106,0.821,50,163,213,68,34,9,78,104,700,Bojan Bogdanovic
202711,2015-16,00,1610612751,BKN,27.0,79,39,2115.0,324,749,0.433,129,338,0.382,110,132,0.833,36,219,255,99,29,5,115,119,887,Bojan Bogdanovic
202711,2016-17,00,1610612751,BKN,28.0,55,54,1482.0,269,611,0.44,99,277,0.357,146,167,0.874,23,174,197,90,24,3,93,99,783,Bojan Bogdanovic
202711,2016-17,00,1610612764,WAS,28.0,26,0,601.0,107,234,0.457,45,115,0.391,71,76,0.934,14,66,80,21,10,4,38,47,330,Bojan Bogdanovic
202711,2016-17,00,0,TOT,28.0,81,54,2083.0,376,845,0.445,144,392,0.367,217,243,0.893,37,240,277,111,34,7,131,146,1113,Bojan Bogdanovic
202711,2017-18,00,1610612754,IND,29.0,80,80,2465.0,404,852,0.474,155,386,0.402,178,205,0.868,30,240,270,119,55,8,106,129,1141,Bojan Bogdanovic
202711,2018-19,00,1610612754,IND,30.0,81,81,2573.0,522,1051,0.497,164,386,0.425,246,305,0.807,33,300,333,161,69,1,134,138,1454,Bojan Bogdanovic
202711,2019-20,00,1610612762,UTA,31.0,63,63,2083.0,418,935,0.447,189,457,0.414,250,277,0.903,39,220,259,131,34,7,159,110,1275,Bojan Bogdanovic
202711,2020-21,00,1610612762,UTA,32.0,72,72,2216.0,406,925,0.439,180,461,0.39,233,265,0.879,40,241,281,136,45,4,128,115,1225,Bojan Bogdanovic
202711,2021-22,00,1610612762,UTA,33.0,69,69,2131.0,422,928,0.455,181,468,0.387,223,260,0.858,58,238,296,120,34,1,118,116,1248,Bojan Bogdanovic
202711,2022-23,00,1610612765,DET,34.0,59,59,1893.0,430,882,0.488,145,353,0.411,268,303,0.884,36,187,223,152,34,8,135,113,1273,Bojan Bogdanovic
1629626,2019-20,00,1610612743,DEN,20.0,7,0,87.0,14,28,0.5,4,9,0.444,8,10,0.8,5,14,19,6,2,6,10,11,40,Bol Bol
1629626,2020-21,00,1610612743,DEN,21.0,32,2,160.0,25,58,0.431,9,24,0.375,10,15,0.667,0,24,24,7,3,10,13,14,69,Bol Bol
1629626,2021-22,00,1610612743,DEN,22.0,14,0,81.0,15,27,0.556,1,4,0.25,2,5,0.4,4,16,20,5,1,2,4,4,33,Bol Bol
1629626,2022-23,00,1610612753,ORL,23.0,70,33,1505.0,261,478,0.546,30,113,0.265,82,108,0.759,69,336,405,69,30,85,112,92,634,Bol Bol
1630195,2021-22,00,1610612750,MIN,21.0,35,2,241.0,17,54,0.315,5,18,0.278,11,13,0.846,16,27,43,21,6,0,13,26,50,Leandro Bolmaro
1630195,2022-23,00,1610612762,UTA,22.0,14,0,68.0,3,20,0.15,0,4,0.0,0,0,0.0,4,3,7,7,3,1,7,10,6,Leandro Bolmaro
1626164,2015-16,00,1610612756,PHX,19.0,76,51,2108.0,367,867,0.423,99,289,0.343,215,256,0.84,27,160,187,200,44,20,160,225,1048,Devin Booker
1626164,2016-17,00,1610612756,PHX,20.0,78,78,2731.0,606,1431,0.423,147,405,0.363,367,441,0.832,46,203,249,268,72,21,241,242,1726,Devin Booker
1626164,2017-18,00,1610612756,PHX,21.0,54,54,1865.0,455,1054,0.432,147,384,0.383,289,329,0.878,26,218,244,253,47,14,194,168,1346,Devin Booker
1626164,2018-19,00,1610612756,PHX,22.0,64,64,2242.0,586,1255,0.467,135,414,0.326,393,454,0.866,39,226,265,433,56,13,264,200,1700,Devin Booker
1626164,2019-20,00,1610612756,PHX,23.0,70,70,2512.0,627,1283,0.489,141,398,0.354,468,509,0.919,29,268,297,456,49,18,264,213,1863,Devin Booker
1626164,2020-21,00,1610612756,PHX,24.0,67,67,2270.0,623,1287,0.484,126,371,0.34,340,392,0.867,34,247,281,289,53,16,207,181,1712,Devin Booker
1626164,2021-22,00,1610612756,PHX,25.0,68,68,2345.0,662,1421,0.466,183,478,0.383,315,363,0.868,45,297,342,329,77,26,162,180,1822,Devin Booker
1626164,2022-23,00,1610612756,PHX,26.0,53,53,1835.0,527,1067,0.494,111,316,0.351,306,358,0.855,46,194,240,293,51,18,145,159,1471,Devin Booker
1630527,2021-22,00,1610612746,LAC,20.0,51,0,760.0,125,325,0.385,34,111,0.306,59,72,0.819,17,94,111,51,26,13,31,43,343,Brandon Boston Jr.
1630527,2022-23,00,1610612746,LAC,21.0,22,1,248.0,51,122,0.418,12,29,0.414,29,38,0.763,7,23,30,20,9,0,12,21,143,Brandon Boston Jr.
1628449,2017-18,00,1610612744,GSW,25.0,1,0,1.0,0,1,0.0,0,1,0.0,0,0,0.0,0,1,1,0,0,0,0,0,0,Chris Boucher
1628449,2018-19,00,1610612761,TOR,26.0,28,0,163.0,34,76,0.447,12,37,0.324,13,15,0.867,16,40,56,2,6,24,7,31,93,Chris Boucher
1628449,2019-20,00,1610612761,TOR,27.0,62,0,819.0,141,299,0.472,38,118,0.322,91,116,0.784,107,170,277,26,22,61,28,114,411,Chris Boucher
1628449,2020-21,00,1610612761,TOR,28.0,60,14,1453.0,288,560,0.514,90,235,0.383,152,193,0.788,117,287,404,63,35,111,46,166,818,Chris Boucher
1628449,2021-22,00,1610612761,TOR,29.0,80,9,1690.0,268,577,0.464,68,229,0.297,150,193,0.777,179,315,494,25,49,75,42,174,754,Chris Boucher
1628449,2022-23,00,1610612761,TOR,30.0,76,0,1523.0,261,529,0.493,62,189,0.328,128,168,0.762,157,264,421,29,47,64,41,143,712,Chris Boucher
1630547,2021-22,00,1610612766,CHA,21.0,31,0,304.0,49,141,0.348,17,49,0.347,27,31,0.871,22,30,52,26,7,1,15,29,142,James Bouknight
1630547,2022-23,00,1610612766,CHA,22.0,34,0,515.0,69,193,0.358,33,109,0.303,20,30,0.667,8,64,72,41,14,5,32,49,191,James Bouknight
1631123,2022-23,00,1610612748,MIA,23.0,4,0,65.0,6,13,0.462,2,5,0.4,1,2,0.5,1,4,5,4,4,2,4,5,15,Jamaree Bouyea
1631123,2022-23,00,1610612764,WAS,23.0,1,0,6.0,0,1,0.0,0,1,0.0,0,0,0.0,0,1,1,0,0,0,0,1,0,Jamaree Bouyea
1631123,2022-23,00,0,TOT,23.0,5,0,71.0,6,14,0.429,2,6,0.333,1,2,0.5,1,5,6,4,4,2,4,6,15,Jamaree Bouyea
1628396,2017-18,00,1610612762,UTA,20.0,9,0,29.0,3,11,0.273,0,1,0.0,2,2,1.0,4,7,11,1,0,0,0,1,8,Tony Bradley
1628396,2018-19,00,1610612762,UTA,21.0,3,0,36.0,8,16,0.5,0,0,0.0,1,2,0.5,9,6,15,1,2,2,3,6,17,Tony Bradley
1628396,2019-20,00,1610612762,UTA,22.0,58,3,663.0,126,189,0.667,3,3,1.0,30,46,0.652,111,156,267,23,14,33,30,115,285,Tony Bradley
1628396,2020-21,00,1610612755,PHI,23.0,20,8,287.0,51,75,0.68,0,1,0.0,7,11,0.636,39,65,104,17,6,13,6,28,109,Tony Bradley
1628396,2020-21,00,1610612760,OKC,23.0,22,0,397.0,80,122,0.656,0,2,0.0,31,44,0.705,46,89,135,20,9,17,27,33,191,Tony Bradley
1628396,2020-21,00,0,TOT,23.0,42,8,684.0,131,197,0.665,0,3,0.0,38,55,0.691,85,154,239,37,15,30,33,61,300,Tony Bradley
1628396,2021-22,00,1610612741,CHI,24.0,55,7,549.0,72,123,0.585,0,0,0.0,19,29,0.655,67,119,186,27,10,33,34,62,163,Tony Bradley
1628396,2022-23,00,1610612741,CHI,25.0,12,0,33.0,6,12,0.5,3,5,0.6,4,4,1.0,1,10,11,1,1,1,1,2,19,Tony Bradley
1627763,2016-17,00,1610612749,MIL,24.0,75,28,1982.0,290,635,0.457,78,193,0.404,109,126,0.865,47,166,213,317,84,12,113,140,767,Malcolm Brogdon
1627763,2017-18,00,1610612749,MIL,25.0,48,20,1436.0,244,503,0.485,62,161,0.385,75,85,0.882,23,133,156,152,41,13,66,128,625,Malcolm Brogdon
1627763,2018-19,00,1610612749,MIL,26.0,64,64,1832.0,378,748,0.505,104,244,0.426,141,152,0.928,65,223,288,205,46,13,91,102,1001,Malcolm Brogdon
1627763,2019-20,00,1610612754,IND,27.0,54,54,1666.0,326,744,0.438,75,230,0.326,166,186,0.892,46,216,262,381,35,10,131,98,893,Malcolm Brogdon
1627763,2020-21,00,1610612754,IND,28.0,56,56,1930.0,444,980,0.453,145,374,0.388,153,177,0.864,58,236,294,329,49,15,115,110,1186,Malcolm Brogdon
1627763,2021-22,00,1610612754,IND,29.0,36,36,1206.0,243,543,0.448,58,186,0.312,143,167,0.856,33,152,185,212,30,14,77,71,687,Malcolm Brogdon
1627763,2022-23,00,1610612738,BOS,30.0,67,0,1744.0,354,732,0.484,132,297,0.444,160,184,0.87,42,238,280,248,45,18,98,109,1000,Malcolm Brogdon
1628415,2017-18,00,1610612763,MEM,22.0,82,74,2350.0,340,772,0.44,94,264,0.356,124,166,0.747,49,208,257,135,73,17,124,233,898,Dillon Brooks
1628415,2018-19,00,1610612763,MEM,23.0,18,0,330.0,49,122,0.402,15,40,0.375,22,30,0.733,9,22,31,16,10,4,19,50,135,Dillon Brooks
1628415,2019-20,00,1610612763,MEM,24.0,73,73,2112.0,435,1068,0.407,147,411,0.358,164,203,0.808,68,175,243,150,63,27,124,278,1181,Dillon Brooks
1628415,2020-21,00,1610612763,MEM,25.0,67,67,1997.0,432,1031,0.419,128,372,0.344,159,195,0.815,53,143,196,157,78,26,119,237,1151,Dillon Brooks
1628415,2021-22,00,1610612763,MEM,26.0,32,31,885.0,227,526,0.432,46,149,0.309,90,106,0.849,29,73,102,88,36,8,50,105,590,Dillon Brooks
1628415,2022-23,00,1610612763,MEM,27.0,73,73,2214.0,392,991,0.396,143,439,0.326,120,154,0.779,45,199,244,189,65,16,104,240,1047,Dillon Brooks
1628971,2018-19,00,1610612765,DET,22.0,74,56,1449.0,125,314,0.398,24,93,0.258,45,60,0.75,48,137,185,91,40,36,46,178,319,Bruce Brown
1628971,2019-20,00,1610612765,DET,23.0,58,43,1634.0,198,447,0.443,33,96,0.344,88,119,0.739,61,213,274,230,63,29,100,162,517,Bruce Brown
1628971,2020-21,00,1610612751,BKN,24.0,65,37,1451.0,235,423,0.556,17,59,0.288,86,117,0.735,111,238,349,104,58,28,54,145,573,Bruce Brown
1628971,2021-22,00,1610612751,BKN,25.0,72,45,1774.0,256,506,0.506,38,94,0.404,97,128,0.758,100,245,345,148,77,52,56,176,647,Bruce Brown
1628971,2022-23,00,1610612743,DEN,26.0,80,31,2279.0,358,741,0.483,91,254,0.358,116,153,0.758,63,265,328,268,87,51,123,190,923,Bruce Brown
1627759,2016-17,00,1610612738,BOS,20.0,78,20,1341.0,192,422,0.455,46,134,0.343,85,124,0.685,45,175,220,64,35,18,68,142,515,Jaylen Brown
1627759,2017-18,00,1610612738,BOS,21.0,70,70,2152.0,373,803,0.465,121,306,0.395,150,233,0.644,66,280,346,114,70,26,124,181,1017,Jaylen Brown
1627759,2018-19,00,1610612738,BOS,22.0,74,25,1913.0,368,792,0.465,95,276,0.344,133,202,0.658,65,248,313,100,69,32,99,186,964,Jaylen Brown
1627759,2019-20,00,1610612738,BOS,23.0,57,57,1934.0,427,887,0.481,129,338,0.382,176,243,0.724,62,302,364,118,65,20,125,167,1159,Jaylen Brown
1627759,2020-21,00,1610612738,BOS,24.0,58,58,1999.0,538,1111,0.484,163,411,0.397,191,250,0.764,71,276,347,195,72,32,158,168,1430,Jaylen Brown
1627759,2021-22,00,1610612738,BOS,25.0,66,66,2220.0,576,1217,0.473,166,464,0.358,241,318,0.758,53,351,404,231,70,18,178,163,1559,Jaylen Brown
1627759,2022-23,00,1610612738,BOS,26.0,67,67,2405.0,679,1383,0.491,163,487,0.335,263,344,0.765,78,381,459,232,75,26,197,172,1784,Jaylen Brown
1631112,2022-23,00,1610612754,IND,19.0,6,0,40.0,4,7,0.571,0,1,0.0,1,2,0.5,2,4,6,3,4,0,2,9,9,Kendall Brown
1629650,2019-20,00,1610612757,POR,20.0,9,0,33.0,4,10,0.4,0,0,0.0,3,8,0.375,3,11,14,1,1,1,3,7,11,Moses Brown
1629650,2020-21,00,1610612760,OKC,21.0,43,32,920.0,146,268,0.545,0,0,0.0,78,126,0.619,154,229,383,10,31,47,43,93,370,Moses Brown
1629650,2021-22,00,1610612742,DAL,22.0,26,1,169.0,27,50,0.54,0,0,0.0,27,43,0.628,16,45,61,1,3,9,14,28,81,Moses Brown
1629650,2021-22,00,1610612739,CLE,22.0,14,5,176.0,37,58,0.638,0,0,0.0,16,29,0.552,23,51,74,0,4,7,6,25,90,Moses Brown
1629650,2021-22,00,0,TOT,22.0,40,6,344.0,64,108,0.593,0,0,0.0,43,72,0.597,39,96,135,1,7,16,20,53,171,Moses Brown
1629650,2022-23,00,1610612746,LAC,23.0,34,1,288.0,61,96,0.635,0,0,0.0,33,72,0.458,57,82,139,4,3,14,14,38,155,Moses Brown
1629650,2022-23,00,1610612751,BKN,23.0,2,0,6.0,0,0,0.0,0,0,0.0,0,0,0.0,0,0,0,0,1,0,1,1,0,Moses Brown
1629650,2022-23,00,0,TOT,23.0,36,1,294.0,61,96,0.635,0,0,0.0,33,72,0.458,57,82,139,4,4,14,15,39,155,Moses Brown
1628425,2017-18,00,1610612749,MIL,23.0,54,4,776.0,82,205,0.4,32,91,0.352,21,24,0.875,27,116,143,25,31,13,25,80,217,Sterling Brown
1628425,2018-19,00,1610612749,MIL,24.0,58,7,1034.0,145,312,0.465,53,147,0.361,29,42,0.69,29,155,184,84,25,8,46,88,372,Sterling Brown
1628425,2019-20,00,1610612749,MIL,25.0,52,1,767.0,95,256,0.371,44,136,0.324,32,40,0.8,31,152,183,51,29,7,42,54,266,Sterling Brown
1628425,2020-21,00,1610612745,HOU,26.0,51,14,1229.0,150,335,0.448,91,215,0.423,25,31,0.806,38,186,224,72,38,12,41,97,416,Sterling Brown
1628425,2021-22,00,1610612742,DAL,27.0,49,3,628.0,59,155,0.381,28,92,0.304,14,15,0.933,26,123,149,34,14,7,23,56,160,Sterling Brown
1628425,2022-23,00,1610612747,LAL,28.0,4,0,24.0,0,4,0.0,0,2,0.0,0,0,0.0,3,5,8,2,3,0,0,4,0,Sterling Brown
1630535,2021-22,00,1610612757,POR,20.0,48,6,640.0,81,190,0.426,19,61,0.311,44,65,0.677,38,97,135,35,26,24,36,90,225,Greg Brown III
1630535,2022-23,00,1610612757,POR,21.0,16,0,93.0,11,28,0.393,1,7,0.143,5,12,0.417,2,17,19,3,4,5,6,13,28,Greg Brown III
1628972,2018-19,00,1610612764,WAS,19.0,52,10,730.0,97,234,0.415,22,69,0.319,32,47,0.681,35,110,145,80,21,5,30,56,248,Troy Brown Jr.
1628972,2019-20,00,1610612764,WAS,20.0,69,22,1782.0,273,622,0.439,61,179,0.341,109,139,0.784,76,307,383,178,85,7,79,132,716,Troy Brown Jr.
1628972,2020-21,00,1610612764,WAS,21.0,21,0,287.0,33,89,0.371,14,46,0.304,10,15,0.667,11,50,61,19,3,4,16,29,90,Troy Brown Jr.
1628972,2020-21,00,1610612741,CHI,21.0,13,0,237.0,29,55,0.527,8,24,0.333,5,6,0.833,9,35,44,10,7,2,5,20,71,Troy Brown Jr.
1628972,2020-21,00,0,TOT,21.0,34,0,523.0,62,144,0.431,22,70,0.314,15,21,0.714,20,85,105,29,10,6,21,49,161,Troy Brown Jr.
1628972,2021-22,00,1610612741,CHI,22.0,66,7,1055.0,108,258,0.419,47,133,0.353,20,26,0.769,39,164,203,66,36,5,26,62,283,Troy Brown Jr.
1628972,2022-23,00,1610612747,LAL,23.0,76,45,1860.0,200,465,0.43,107,281,0.381,34,39,0.872,62,246,308,95,59,16,49,120,541,Troy Brown Jr.
1628973,2018-19,00,1610612742,DAL,22.0,73,38,1591.0,264,565,0.467,63,181,0.348,87,120,0.725,25,144,169,230,37,4,88,127,678,Jalen Brunson
1628973,2019-20,00,1610612742,DAL,23.0,57,16,1022.0,181,388,0.466,43,120,0.358,61,75,0.813,22,112,134,188,22,4,66,74,466,Jalen Brunson
1628973,2020-21,00,1610612742,DAL,24.0,68,12,1697.0,328,627,0.523,81,200,0.405,120,151,0.795,27,204,231,239,35,1,80,109,857,Jalen Brunson
1628973,2021-22,00,1610612742,DAL,25.0,79,61,2524.0,506,1008,0.502,94,252,0.373,179,213,0.84,43,266,309,377,66,3,124,151,1285,Jalen Brunson
1628973,2022-23,00,1610612752,NYK,26.0,68,68,2379.0,587,1195,0.491,134,322,0.416,325,392,0.829,40,201,241,421,61,15,142,152,1633,Jalen Brunson
1628418,2017-18,00,1610612747,LAL,20.0,15,0,72.0,8,21,0.381,1,10,0.1,5,9,0.556,3,14,17,6,1,2,2,6,22,Thomas Bryant
1628418,2018-19,00,1610612764,WAS,21.0,72,53,1496.0,309,502,0.616,33,99,0.333,107,137,0.781,113,341,454,92,25,67,60,126,758,Thomas Bryant
1628418,2019-20,00,1610612764,WAS,22.0,46,36,1147.0,243,418,0.581,37,91,0.407,86,116,0.741,98,233,331,83,25,49,53,103,609,Thomas Bryant
1628418,2020-21,00,1610612764,WAS,23.0,10,10,271.0,59,91,0.648,9,21,0.429,16,24,0.667,18,43,61,15,4,8,11,31,143,Thomas Bryant
1628418,2021-22,00,1610612764,WAS,24.0,27,9,439.0,77,148,0.52,12,42,0.286,35,40,0.875,26,82,108,23,6,21,19,43,201,Thomas Bryant
1628418,2022-23,00,1610612747,LAL,25.0,41,25,876.0,197,301,0.654,22,50,0.44,80,108,0.741,67,212,279,29,14,23,28,77,496,Thomas Bryant
1628418,2022-23,00,1610612743,DEN,25.0,18,1,205.0,33,68,0.485,4,9,0.444,13,18,0.722,19,41,60,2,2,7,10,25,83,Thomas Bryant
1628418,2022-23,00,0,TOT,25.0,59,26,1082.0,230,369,0.623,26,59,0.441,93,126,0.738,86,253,339,31,16,30,38,102,579,Thomas Bryant
203493,2013-14,00,1610612746,LAC,23.0,43,0,396.0,43,121,0.355,22,73,0.301,7,9,0.778,11,43,54,12,9,1,13,26,115,Reggie Bullock
203493,2014-15,00,1610612746,LAC,24.0,25,2,263.0,23,54,0.426,15,39,0.385,4,5,0.8,0,40,40,6,9,2,6,17,65,Reggie Bullock
203493,2014-15,00,1610612756,PHX,24.0,11,0,75.0,1,16,0.063,0,7,0.0,2,4,0.5,1,9,10,2,1,2,2,2,4,Reggie Bullock
203493,2014-15,00,0,TOT,24.0,36,2,338.0,24,70,0.343,15,46,0.326,6,9,0.667,1,49,50,8,10,4,8,19,69,Reggie Bullock
203493,2015-16,00,1610612765,DET,25.0,37,0,429.0,43,98,0.439,22,53,0.415,14,15,0.933,14,54,68,27,10,2,8,29,122,Reggie Bullock
203493,2016-17,00,1610612765,DET,26.0,31,5,467.0,54,128,0.422,28,73,0.384,5,7,0.714,13,51,64,29,18,3,10,22,141,Reggie Bullock
203493,2017-18,00,1610612765,DET,27.0,62,52,1732.0,267,546,0.489,125,281,0.445,39,49,0.796,27,127,154,95,47,13,47,70,698,Reggie Bullock
203493,2018-19,00,1610612765,DET,28.0,44,44,1355.0,182,441,0.413,114,294,0.388,56,64,0.875,20,103,123,109,24,5,54,79,534,Reggie Bullock
203493,2018-19,00,1610612747,LAL,28.0,19,16,524.0,63,153,0.412,34,99,0.343,17,21,0.81,2,48,50,20,16,7,11,30,177,Reggie Bullock
203493,2018-19,00,0,TOT,28.0,63,60,1879.0,245,594,0.412,148,393,0.377,73,85,0.859,22,151,173,129,40,12,65,109,711,Reggie Bullock
203493,2019-20,00,1610612752,NYK,29.0,29,19,684.0,90,224,0.402,37,111,0.333,17,21,0.81,13,55,68,42,25,3,19,56,234,Reggie Bullock
203493,2020-21,00,1610612752,NYK,30.0,65,64,1949.0,248,561,0.442,163,398,0.41,50,55,0.909,16,207,223,99,52,11,45,146,709,Reggie Bullock
203493,2021-22,00,1610612742,DAL,31.0,68,37,1902.0,201,501,0.401,141,392,0.36,40,48,0.833,33,208,241,83,41,14,40,111,583,Reggie Bullock
203493,2022-23,00,1610612742,DAL,32.0,78,55,2365.0,192,470,0.409,151,397,0.38,26,37,0.703,32,251,283,108,54,13,36,166,561,Reggie Bullock
202692,2011-12,00,1610612762,UTA,20.0,59,0,939.0,153,357,0.429,15,45,0.333,104,143,0.727,57,75,132,55,27,5,51,84,425,Alec Burks
202692,2012-13,00,1610612762,UTA,21.0,64,0,1137.0,163,388,0.42,33,92,0.359,92,129,0.713,37,108,145,92,35,13,74,114,451,Alec Burks
202692,2013-14,00,1610612762,UTA,22.0,78,12,2193.0,380,831,0.457,50,143,0.35,279,373,0.748,59,198,257,212,69,14,149,190,1089,Alec Burks
202692,2014-15,00,1610612762,UTA,23.0,27,27,899.0,121,300,0.403,26,68,0.382,106,129,0.822,19,95,114,82,17,5,52,64,374,Alec Burks
202692,2015-16,00,1610612762,UTA,24.0,31,3,797.0,137,334,0.41,32,79,0.405,106,141,0.752,16,93,109,63,18,4,51,71,412,Alec Burks
202692,2016-17,00,1610612762,UTA,25.0,42,0,653.0,99,248,0.399,25,76,0.329,60,78,0.769,17,103,120,30,18,5,35,50,283,Alec Burks
202692,2017-18,00,1610612762,UTA,26.0,64,1,1059.0,170,414,0.411,47,142,0.331,107,124,0.863,19,173,192,67,37,8,60,75,494,Alec Burks
202692,2018-19,00,1610612762,UTA,27.0,17,0,269.0,47,114,0.412,16,43,0.372,33,38,0.868,2,25,27,20,6,4,15,22,143,Alec Burks
202692,2018-19,00,1610612739,CLE,27.0,34,24,979.0,136,340,0.4,45,119,0.378,79,98,0.806,26,160,186,98,25,16,46,62,396,Alec Burks
202692,2018-19,00,1610612758,SAC,27.0,13,0,127.0,9,20,0.45,0,6,0.0,4,5,0.8,2,20,22,10,8,1,4,7,22,Alec Burks
202692,2018-19,00,0,TOT,27.0,64,24,1375.0,192,474,0.405,61,168,0.363,116,141,0.823,30,205,235,128,39,21,65,91,561,Alec Burks
202692,2019-20,00,1610612744,GSW,28.0,48,18,1390.0,244,601,0.406,84,224,0.375,201,224,0.897,37,189,226,151,50,17,76,107,773,Alec Burks
202692,2019-20,00,1610612755,PHI,28.0,18,1,364.0,77,167,0.461,32,77,0.416,34,41,0.829,11,45,56,38,12,0,15,21,220,Alec Burks
202692,2019-20,00,0,TOT,28.0,66,19,1754.0,321,768,0.418,116,301,0.385,235,265,0.887,48,234,282,189,62,17,91,128,993,Alec Burks
202692,2020-21,00,1610612752,NYK,29.0,49,5,1255.0,210,500,0.42,102,246,0.415,101,118,0.856,21,206,227,107,31,14,49,102,623,Alec Burks
202692,2021-22,00,1610612752,NYK,30.0,81,44,2318.0,285,728,0.391,157,389,0.404,217,264,0.822,47,350,397,239,85,26,91,215,944,Alec Burks
202692,2022-23,00,1610612765,DET,31.0,51,8,1122.0,200,459,0.436,99,239,0.414,153,188,0.814,19,139,158,114,38,8,58,98,652,Alec Burks
1629126,2018-19,00,1610612760,OKC,25.0,32,0,240.0,33,82,0.402,8,27,0.296,8,12,0.667,4,24,28,9,6,8,9,31,82,Deonte Burton
1629126,2019-20,00,1610612760,OKC,26.0,39,0,357.0,43,125,0.344,10,53,0.189,8,14,0.571,7,50,57,17,7,10,19,34,104,Deonte Burton
1629126,2022-23,00,1610612758,SAC,29.0,2,0,7.0,0,2,0.0,0,1,0.0,0,0,0.0,0,0,0,0,0,0,0,0,0,Deonte Burton
1630215,2021-22,00,1610612762,UTA,21.0,42,1,360.0,61,151,0.404,28,88,0.318,11,16,0.688,5,40,45,63,17,8,33,47,161,Jared Butler
1630215,2022-23,00,1610612760,OKC,22.0,6,1,77.0,15,32,0.469,7,14,0.5,0,0,0.0,1,3,4,8,5,0,5,5,37,Jared Butler
1628427,2019-20,00,1610612743,DEN,23.0,14,0,45.0,6,15,0.4,1,6,0.167,4,4,1.0,5,5,10,3,1,1,3,7,17,Vlatko Cancar
1628427,2020-21,00,1610612743,DEN,24.0,41,1,281.0,33,72,0.458,9,33,0.273,10,13,0.769,11,39,50,14,11,2,14,18,85,Vlatko Cancar
1628427,2021-22,00,1610612743,DEN,25.0,15,1,176.0,23,41,0.561,7,12,0.583,9,14,0.643,8,23,31,17,2,3,9,18,62,Vlatko Cancar
1628427,2022-23,00,1610612743,DEN,26.0,60,9,889.0,108,227,0.476,43,115,0.374,38,41,0.927,24,104,128,80,22,14,37,84,297,Vlatko Cancar
203991,2014-15,00,1610612745,HOU,21.0,12,0,90.0,14,29,0.483,0,0,0.0,4,23,0.174,10,26,36,2,1,9,5,14,32,Clint Capela
203991,2015-16,00,1610612745,HOU,22.0,77,35,1471.0,231,397,0.582,0,1,0.0,80,211,0.379,194,300,494,47,59,92,60,190,542,Clint Capela
203991,2016-17,00,1610612745,HOU,23.0,65,59,1551.0,362,563,0.643,0,0,0.0,94,177,0.531,178,348,526,63,34,79,87,179,818,Clint Capela
203991,2017-18,00,1610612745,HOU,24.0,74,74,2034.0,441,676,0.652,0,1,0.0,144,257,0.56,241,561,802,68,58,137,103,185,1026,Clint Capela
203991,2018-19,00,1610612745,HOU,25.0,67,67,2249.0,474,732,0.648,0,0,0.0,166,261,0.636,298,550,848,96,44,102,94,168,1114,Clint Capela
203991,2019-20,00,1610612745,HOU,26.0,39,39,1279.0,244,388,0.629,0,0,0.0,55,104,0.529,168,369,537,48,33,72,63,102,543,Clint Capela
203991,2020-21,00,1610612737,ATL,27.0,63,63,1898.0,413,695,0.594,0,0,0.0,130,227,0.573,297,606,903,49,44,129,73,145,956,Clint Capela
203991,2021-22,00,1610612737,ATL,28.0,74,73,2042.0,370,604,0.613,0,1,0.0,80,169,0.473,279,598,877,92,55,93,44,166,820,Clint Capela
203991,2022-23,00,1610612737,ATL,28.0,65,63,1730.0,350,536,0.653,0,1,0.0,79,131,0.603,258,459,717,58,45,79,54,139,779,Clint Capela
1630176,2020-21,00,1610612766,CHA,20.0,19,4,115.0,18,36,0.5,1,7,0.143,9,11,0.818,6,21,27,2,1,5,5,13,46,Vernon Carey Jr.
1630176,2021-22,00,1610612766,CHA,21.0,4,1,17.0,3,6,0.5,0,0,0.0,2,3,0.667,3,2,5,0,1,0,1,1,8,Vernon Carey Jr.
1630176,2021-22,00,1610612764,WAS,21.0,3,0,27.0,4,7,0.571,0,0,0.0,4,10,0.4,5,2,7,0,1,1,2,3,12,Vernon Carey Jr.
1630176,2021-22,00,0,TOT,21.0,7,1,44.0,7,13,0.538,0,0,0.0,6,13,0.462,8,4,12,0,2,1,3,4,20,Vernon Carey Jr.
1630176,2022-23,00,1610612764,WAS,22.0,11,0,28.0,2,8,0.25,0,0,0.0,2,2,1.0,3,8,11,3,2,2,2,5,6,Vernon Carey Jr.
1628975,2018-19,00,1610612763,MEM,23.0,39,3,576.0,56,185,0.303,34,102,0.333,26,32,0.813,14,52,66,69,26,11,33,55,172,Jevon Carter
1628975,2019-20,00,1610612756,PHX,24.0,58,2,945.0,101,243,0.416,62,146,0.425,23,27,0.852,30,88,118,84,47,17,32,86,287,Jevon Carter
1628975,2020-21,00,1610612756,PHX,25.0,60,1,717.0,94,223,0.422,56,151,0.371,4,7,0.571,16,76,92,71,29,9,16,56,248,Jevon Carter
1628975,2021-22,00,1610612751,BKN,26.0,46,1,552.0,58,174,0.333,42,127,0.331,7,10,0.7,9,58,67,46,14,10,26,45,165,Jevon Carter
1628975,2021-22,00,1610612749,MIL,26.0,20,2,353.0,40,79,0.506,24,43,0.558,8,8,1.0,5,38,43,50,10,4,8,22,112,Jevon Carter
1628975,2021-22,00,0,TOT,26.0,66,3,905.0,98,253,0.387,66,170,0.388,15,18,0.833,14,96,110,96,24,14,34,67,277,Jevon Carter
1628975,2022-23,00,1610612749,MIL,27.0,81,39,1812.0,239,565,0.423,142,337,0.421,31,38,0.816,35,167,202,197,66,29,78,158,651,Jevon Carter
1628976,2018-19,00,1610612741,CHI,20.0,44,44,1110.0,180,371,0.485,6,32,0.188,89,112,0.795,87,220,307,78,26,58,65,152,455,Wendell Carter Jr.
1628976,2019-20,00,1610612741,CHI,21.0,43,43,1256.0,183,343,0.534,6,29,0.207,112,152,0.737,139,266,405,51,33,36,72,162,484,Wendell Carter Jr.
1628976,2020-21,00,1610612741,CHI,22.0,32,25,792.0,129,252,0.512,8,22,0.364,82,111,0.739,70,180,250,69,18,24,49,96,348,Wendell Carter Jr.
1628976,2020-21,00,1610612753,ORL,22.0,22,19,583.0,101,205,0.493,7,29,0.241,49,68,0.721,62,131,193,35,17,18,29,50,258,Wendell Carter Jr.
1628976,2020-21,00,0,TOT,22.0,54,44,1375.0,230,457,0.503,15,51,0.294,131,179,0.732,132,311,443,104,35,42,78,146,606,Wendell Carter Jr.
1628976,2021-22,00,1610612753,ORL,23.0,62,61,1852.0,359,684,0.525,70,214,0.327,143,207,0.691,139,509,648,171,36,43,117,169,931,Wendell Carter Jr.
1628976,2022-23,00,1610612753,ORL,24.0,57,54,1690.0,322,613,0.525,80,225,0.356,144,195,0.738,120,377,497,132,30,33,106,159,868,Wendell Carter Jr.
203487,2013-14,00,1610612755,PHI,22.0,70,70,2414.0,427,1054,0.405,55,208,0.264,258,367,0.703,101,336,437,441,130,43,247,213,1167,Michael Carter-Williams
203487,2014-15,00,1610612755,PHI,23.0,41,38,1391.0,232,611,0.38,32,125,0.256,117,182,0.643,43,211,254,302,60,18,174,103,613,Michael Carter-Williams
203487,2014-15,00,1610612749,MIL,23.0,25,25,758.0,132,308,0.429,4,28,0.143,85,109,0.78,21,78,99,140,51,12,79,64,353,Michael Carter-Williams
203487,2014-15,00,0,TOT,23.0,66,63,2150.0,364,919,0.396,36,153,0.235,202,291,0.694,64,289,353,442,111,30,253,167,966,Michael Carter-Williams
203487,2015-16,00,1610612749,MIL,24.0,54,37,1649.0,251,555,0.452,15,55,0.273,106,162,0.654,48,228,276,281,80,41,153,162,623,Michael Carter-Williams
203487,2016-17,00,1610612741,CHI,25.0,45,19,846.0,112,306,0.366,15,64,0.234,58,77,0.753,24,129,153,113,38,23,66,102,297,Michael Carter-Williams
203487,2017-18,00,1610612766,CHA,26.0,52,2,835.0,76,229,0.332,14,59,0.237,73,89,0.82,37,101,138,116,44,23,52,99,239,Michael Carter-Williams
203487,2018-19,00,1610612745,HOU,27.0,16,1,145.0,25,61,0.41,7,19,0.368,12,26,0.462,3,10,13,21,9,6,10,27,69,Michael Carter-Williams
203487,2018-19,00,1610612753,ORL,27.0,12,0,227.0,21,62,0.339,3,19,0.158,20,27,0.741,16,41,57,49,11,9,10,21,65,Michael Carter-Williams
203487,2018-19,00,0,TOT,27.0,28,1,372.0,46,123,0.374,10,38,0.263,32,53,0.604,19,51,70,70,20,15,20,48,134,Michael Carter-Williams
203487,2019-20,00,1610612753,ORL,28.0,45,0,833.0,111,260,0.427,22,75,0.293,79,95,0.832,46,101,147,109,49,22,52,87,323,Michael Carter-Williams
203487,2020-21,00,1610612753,ORL,29.0,31,25,800.0,105,270,0.389,15,61,0.246,49,80,0.613,39,100,139,129,25,17,69,81,274,Michael Carter-Williams
203487,2022-23,00,1610612753,ORL,31.0,4,0,44.0,6,14,0.429,1,3,0.333,4,7,0.571,1,4,5,7,1,1,4,5,17,Michael Carter-Williams
1627936,2017-18,00,1610612747,LAL,24.0,37,7,562.0,50,116,0.431,13,43,0.302,21,30,0.7,15,50,65,75,23,10,42,52,134,Alex Caruso
1627936,2018-19,00,1610612747,LAL,25.0,25,4,531.0,77,173,0.445,24,50,0.48,51,64,0.797,20,47,67,77,24,9,42,54,229,Alex Caruso
1627936,2019-20,00,1610612747,LAL,26.0,64,2,1175.0,120,291,0.412,40,120,0.333,69,94,0.734,17,106,123,124,70,18,53,98,349,Alex Caruso
1627936,2020-21,00,1610612747,LAL,27.0,58,6,1216.0,133,305,0.436,55,137,0.401,49,76,0.645,31,139,170,160,64,15,76,108,370,Alex Caruso
1627936,2021-22,00,1610612741,CHI,28.0,41,18,1147.0,102,256,0.398,42,126,0.333,58,73,0.795,33,115,148,165,71,15,57,106,304,Alex Caruso
1627936,2022-23,00,1610612741,CHI,29.0,67,36,1575.0,130,286,0.455,55,151,0.364,59,73,0.808,42,154,196,193,98,46,77,159,374,Alex Caruso
1630577,2022-23,00,1610612755,PHI,21.0,2,0,7.0,0,2,0.0,0,1,0.0,0,0,0.0,0,0,0,0,1,0,0,0,0,Julian Champagnie
1630577,2022-23,00,1610612759,SAS,21.0,15,3,313.0,59,128,0.461,33,81,0.407,14,17,0.824,10,50,60,10,5,5,11,26,165,Julian Champagnie
1630577,2022-23,00,0,TOT,21.0,17,3,320.0,59,130,0.454,33,82,0.402,14,17,0.824,10,50,60,10,6,5,11,26,165,Julian Champagnie
1630551,2021-22,00,1610612761,TOR,21.0,36,0,281.0,31,67,0.463,10,28,0.357,9,9,1.0,37,35,72,11,8,4,8,32,81,Justin Champagnie
1630551,2022-23,00,1610612761,TOR,21.0,3,0,11.0,3,3,1.0,0,0,0.0,0,0,0.0,1,3,4,1,0,0,0,1,6,Justin Champagnie
1630551,2022-23,00,1610612738,BOS,21.0,2,0,23.0,2,12,0.167,1,5,0.2,0,0,0.0,2,2,4,3,1,0,0,1,5,Justin Champagnie
1630551,2022-23,00,0,TOT,21.0,5,0,34.0,5,15,0.333,1,5,0.2,0,0,0.0,3,5,8,4,1,0,0,2,11,Justin Champagnie
1631113,2022-23,00,1610612763,MEM,20.0,36,0,282.0,35,83,0.422,2,15,0.133,6,13,0.462,9,29,38,58,12,5,18,15,78,Kennedy Chandler
1631108,2022-23,00,1610612747,LAL,20.0,41,3,512.0,44,106,0.415,26,62,0.419,14,16,0.875,7,68,75,21,9,7,13,33,128,Max Christie
1630528,2021-22,00,1610612745,HOU,20.0,74,2,1334.0,224,500,0.448,56,189,0.296,83,113,0.735,52,134,186,150,65,13,114,97,587,Josh Christopher
1630528,2022-23,00,1610612745,HOU,21.0,64,2,786.0,153,329,0.465,21,89,0.236,45,60,0.75,20,51,71,73,33,15,60,59,372,Josh Christopher
1629634,2019-20,00,1610612763,MEM,23.0,58,4,1300.0,296,479,0.618,23,64,0.359,85,112,0.759,92,253,345,81,32,48,55,100,700,Brandon Clarke
1629634,2020-21,00,1610612763,MEM,24.0,59,16,1415.0,256,495,0.517,20,77,0.26,78,113,0.69,97,231,328,95,60,51,33,84,610,Brandon Clarke
1629634,2021-22,00,1610612763,MEM,25.0,64,1,1246.0,288,447,0.644,5,22,0.227,85,130,0.654,135,207,342,86,39,68,34,122,666,Brandon Clarke
1629634,2022-23,00,1610612763,MEM,26.0,56,8,1090.0,229,349,0.656,1,6,0.167,99,137,0.723,92,218,310,72,34,37,55,131,558,Brandon Clarke
203903,2014-15,00,1610612747,LAL,23.0,59,38,1476.0,267,596,0.448,38,121,0.314,131,158,0.829,56,135,191,206,51,12,96,109,703,Jordan Clarkson
203903,2015-16,00,1610612747,LAL,24.0,79,79,2552.0,475,1098,0.433,111,320,0.347,164,204,0.804,93,220,313,192,88,7,135,168,1225,Jordan Clarkson
203903,2016-17,00,1610612747,LAL,25.0,82,19,2397.0,477,1071,0.445,117,356,0.329,134,168,0.798,49,197,246,213,88,8,164,150,1205,Jordan Clarkson
203903,2017-18,00,1610612747,LAL,26.0,53,2,1256.0,299,667,0.448,68,210,0.324,105,132,0.795,44,115,159,173,39,3,95,63,771,Jordan Clarkson
203903,2017-18,00,1610612739,CLE,26.0,28,0,632.0,131,287,0.456,44,108,0.407,47,58,0.81,13,45,58,48,19,3,32,44,353,Jordan Clarkson
203903,2017-18,00,0,TOT,26.0,81,2,1887.0,430,954,0.451,112,318,0.352,152,190,0.8,57,160,217,221,58,6,127,107,1124,Jordan Clarkson
203903,2018-19,00,1610612739,CLE,27.0,81,0,2215.0,529,1180,0.448,144,445,0.324,162,192,0.844,82,188,270,196,57,13,135,112,1364,Jordan Clarkson
203903,2019-20,00,1610612739,CLE,28.0,29,0,666.0,144,326,0.442,59,159,0.371,76,86,0.884,21,48,69,70,17,8,39,33,423,Jordan Clarkson
203903,2019-20,00,1610612762,UTA,28.0,42,2,1039.0,250,541,0.462,93,254,0.366,62,79,0.785,29,89,118,66,29,8,58,75,655,Jordan Clarkson
203903,2019-20,00,0,TOT,28.0,71,2,1705.0,394,867,0.454,152,413,0.368,138,165,0.836,50,137,187,136,46,16,97,108,1078,Jordan Clarkson
203903,2020-21,00,1610612762,UTA,29.0,68,1,1818.0,457,1075,0.425,208,599,0.347,129,144,0.896,47,227,274,168,61,10,115,110,1251,Jordan Clarkson
203903,2021-22,00,1610612762,UTA,30.0,79,1,2141.0,466,1113,0.419,190,597,0.318,144,174,0.828,67,206,273,194,66,16,129,149,1266,Jordan Clarkson
203903,2022-23,00,1610612762,UTA,30.0,61,61,1988.0,458,1031,0.444,155,459,0.338,200,245,0.816,72,174,246,270,33,13,186,120,1271,Jordan Clarkson
1629651,2019-20,00,1610612751,BKN,21.0,15,0,187.0,27,48,0.563,1,7,0.143,11,21,0.524,19,25,44,16,1,8,9,14,66,Nic Claxton
1629651,2020-21,00,1610612751,BKN,22.0,32,1,594.0,90,145,0.621,1,5,0.2,31,64,0.484,43,123,166,28,23,40,18,68,212,Nic Claxton
1629651,2021-22,00,1610612751,BKN,23.0,47,19,974.0,178,264,0.674,0,0,0.0,54,93,0.581,91,173,264,43,24,51,38,110,410,Nic Claxton
1629651,2022-23,00,1610612751,BKN,24.0,76,76,2271.0,414,587,0.705,0,2,0.0,133,246,0.541,184,518,702,144,65,189,96,212,961,Nic Claxton
